[ 227  558  628  520  169  541  514  666  597  640  331  831  985  288
  695  652    1    1  975  836  885   56  419  748  641  914   10  695
  555  836  176  567  919  453  568  330  654  375  386  701  894  731
  738  314  111  668  931  701  742  821  606  807  350  697  568  918
  818  412  748  793  643  980  725  750  180  681  150  692   30  488
  304  300  475  422  108  389  281  886  459   90  629  165  760  717
  742  431  394  873  313  877  394  118   76   81  636  490  263   95
  694  404  519  767  413  752  460  699  498  898  897  260  948  318
  516  971  428  847  360  329  299  972   13  767  255  196  600  187
  999  711  678  635  700   94  264  166  679  722  977  128  528  597
  113  834 1000  313  379  172  921  718  553  139  962  680  269  359
  113  343  345  504  718  110  971  967  203  886  446   76  175  733
  757  947  496  684  998  334  489  748  333   74  891  821  456   15
  707  986  478  463  952  662  262   38  218  888  937  507   87  216
  504   69  826  982  371  896  878  344  917  832    7   91  743  700
  626  944  198  596  406  184  846  623  218  720  796  137  994  823
  381  473  476  228  413  476  741  736  972  524  508  240  683  468
   96  914  379   91  944  672  481  573  379  694  605  333  821  314
  697  493  845  696  559  995  642   55  254  748  115   41  959  957
  787  679  667  314   73  622  869  713  780  456  419  617  949  667
  635  684  757  694   41  248  865  936  372  822  239  509  292  145
  172  702   83  910  964  873  322  160  496  909  111  826  683  388
  912  674  436  373  589  961  221    9  212  462  606  816   84  339
  866  613  104  361  115   75  497  221  547   40  123  186   71  451
  184  129   25  796  952  808  182  107  662  821  690  863  340  253
  931  771  309  616   91  329  900  971   88  204  236   91  649  822
  389  640  437  585  466  700  112  681  229   53  320  550  206  759
  367  734  482   42  435  728   58  534  598  992  873   55  796  923
  434  783  764  387  441  658   54  581  269  495  409  843   17  468
  805  385  938  542  213  749  116  383  109  234  142   16   74   93
  103  742  180  554  422  569  968  345  709  286  929  907  760  641
  550  479  966  160  779  422  656  641  569  558  426  990  381  592
  569  463  299  190  435  666  974  336  217  537  313   37  891  905
  632  284  827  860  889  799  846  324  928  181  812  711  673   39
  430  916  360  278   80  356  863  674  305  609   98   97  578  367
  944  519  644   28  754  322  950  869  937  563   30  598  775  900
  873  996   86  152  399  999  957  596  676  853  542  623  649  747
  520  403  485   99   46  536  938  753  378  892  605  916  564  160
  871  919  973  875  442  274  140  164  108  964   99  860  807  218
  219  920  777  158  770  929  753  712 1000  151  299  637  843  103
  215  983  755  481  700   49  797  483  745  717  393   63  144    8
  453  660  276  678  832  765  189  732    6  390  975  508  462  343
  768  557  926  703  785  801  190  937   55  629  296  617  732  479
  952  800  314  274  774  103  962  174   16   10   61  497  815  977
  295  355  103  852  959  623  498  938   67  280  904  278  624   47
  942  697  829  778  336  113  852  862  437  184  153  167  303  897
  933  362  715  595  476  662  246    6  217  929  186  857  247  249
  354  802  311   46  209  834  947  351  327  675  777  203  592  500
   80  224  654  384   73  906  442   17  952  397  879   36  926  502
  369  897  347  229  482  861  914  668  703  474  358  843  393  669
  446  278  274  788  555  673   33  630  930  643  427    1  292  257
   70  989  970  426  619  634  674    6  983  104  480  497  547  444
  848  669  598    4  162  600  752  613   66  462  536  443  268   59
   53  727  278  235  140  964  708  289  848  156  703  402  440  962
  891  781  606  958  540  505  790  826  876  989  619  682  451  243
  746  436  410  898  283  488  959  288  770  148  261  767  504  230
  511  276  613  140  130  498  270  917  611  127  568   87    5  143
  563  337  463  728  365  515  136  662  378  277  939  249  197  763
  358  504  468   32  701  318  281  359  534  630  737  943  775  633
  355  532  104  849  933   12  343  904  489  422  600  749  184  867
   21  165  812  588    6  108   55    9  292  560  682  714  256  717
  583  323  298   79  124   73  980  271  761  704  339  426  212  348
  435  579  360  958  550  815  474  625  828  669  225   54  892  741
  475  538  257  850  511  514  582  238  105   65  753  307  732  698
  339  116  694  693  558  719  961  383  320  886  203   96  729  949
  334  308  257  273  404  154  746  566  347  354  201   23  350  511
  497  852  462  292    3  664  292  676  190  432   75  850  457  851
  728  991  578    7  656  815  368  374  435  356  231   16   22  582
  112  397  363   68  487  104   50  820  174  173  199  293  984  553
  723  878   53  491  351  960    9   95   99  541  740  169  923  359
  363  618  519   68  964  968   77  992  170  606   83  448   39  631
  603  905  559  150  798  717]