The orginal matrix is :
 [[0.63271133 1.01215892 2.72702202 2.17211261 2.4081122  2.57725692]
 [2.67974197 0.93549707 2.27776171 2.15337631 0.29924082 2.62354314]
 [2.36015102 1.71745643 2.61016901 2.61521566 0.88594615 2.20368874]
 [2.93079773 2.79389978 1.75408852 2.86243464 1.72963648 1.68948625]
 [2.48456307 2.20450522 2.61752415 0.33241169 2.17976857 1.09429117]
 [2.25799846 2.51959203 2.35007977 1.58603066 0.44848724 1.69985077]
 [0.32532481 0.26047905 1.25471242 0.60427499 1.1888806  0.3821264 ]
 [1.8409022  1.53915626 2.87849761 2.7885351  0.87575992 2.21798491]
 [2.17136162 1.31674385 2.11114297 2.52349632 2.06485152 2.3726289 ]
 [1.15579392 0.40984484 2.43415776 1.51261227 0.03427164 0.13100377]]
The filtered matrix is :
 [[0.63271133 1.01215892 2.72702202 2.17211261 2.4081122  2.57725692]
 [2.67974197 0.93549707 2.27776171 2.15337631 0.         2.62354314]
 [2.36015102 1.71745643 2.61016901 2.61521566 0.88594615 2.20368874]
 [2.93079773 2.79389978 1.75408852 2.86243464 1.72963648 1.68948625]
 [2.48456307 2.20450522 2.61752415 0.33241169 2.17976857 1.09429117]
 [2.25799846 2.51959203 2.35007977 1.58603066 0.44848724 1.69985077]
 [0.32532481 0.         1.25471242 0.60427499 1.1888806  0.3821264 ]
 [1.8409022  1.53915626 2.87849761 2.7885351  0.87575992 2.21798491]
 [2.17136162 1.31674385 2.11114297 2.52349632 2.06485152 2.3726289 ]
 [1.15579392 0.40984484 2.43415776 1.51261227 0.         0.        ]]
