
----- Exercise #1 -----
Total mean: 5.5
Rows mean:  [4. 5. 6. 7.]
Cols mean:  [1.5 5.5 9.5]

----- Exercise #2 -----
Numpy's outer:
[[ 2  4  6  8]
 [ 6 12 18 24]
 [10 20 30 40]
 [14 28 42 56]]
List comperhension:
[[2, 4, 6, 8], [6, 12, 18, 24], [10, 20, 30, 40], [14, 28, 42, 56]]
Broadcasting operations:
[[ 2  4  6  8]
 [ 6 12 18 24]
 [10 20 30 40]
 [14 28 42 56]]

----- Exercise #3 -----
[[1.51194078 2.30876313 2.5515975  2.89409663 0.10894797 0.31733572]
 [0.96580763 0.60733285 1.46765796 0.0337349  0.9422353  2.80728861]
 [0.63048566 2.13756727 2.77589936 0.51093556 1.56667143 1.97337128]
 [2.61988499 2.50421083 1.25496917 1.52635221 2.54125095 0.7967632 ]
 [0.36353177 2.29033769 1.64757277 1.96266378 1.44856699 0.83231231]
 [2.00982947 0.38673742 2.28284857 0.66744541 2.34555003 1.06887904]
 [0.39905694 1.13403858 0.49433491 0.76237572 1.29395118 2.85014856]
 [1.75028093 2.23033356 1.72465203 1.49386556 1.52510447 1.64498478]
 [0.872543   2.75249653 2.18999035 1.91285024 0.10469819 1.57867295]
 [2.24770921 0.76956844 1.22760795 1.29333473 0.26630543 2.44093314]]
[[1.51194078 2.30876313 2.5515975  2.89409663 0.         0.31733572]
 [0.96580763 0.60733285 1.46765796 0.         0.9422353  2.80728861]
 [0.63048566 2.13756727 2.77589936 0.51093556 1.56667143 1.97337128]
 [2.61988499 2.50421083 1.25496917 1.52635221 2.54125095 0.7967632 ]
 [0.36353177 2.29033769 1.64757277 1.96266378 1.44856699 0.83231231]
 [2.00982947 0.38673742 2.28284857 0.66744541 2.34555003 1.06887904]
 [0.39905694 1.13403858 0.49433491 0.76237572 1.29395118 2.85014856]
 [1.75028093 2.23033356 1.72465203 1.49386556 1.52510447 1.64498478]
 [0.872543   2.75249653 2.18999035 1.91285024 0.         1.57867295]
 [2.24770921 0.76956844 1.22760795 1.29333473 0.         2.44093314]]

----- Exercise #4 -----
100 values from 0 to 2*pi:
[0.         0.06346652 0.12693304 0.19039955 0.25386607 0.31733259
 0.38079911 0.44426563 0.50773215 0.57119866 0.63466518 0.6981317
 0.76159822 0.82506474 0.88853126 0.95199777 1.01546429 1.07893081
 1.14239733 1.20586385 1.26933037 1.33279688 1.3962634  1.45972992
 1.52319644 1.58666296 1.65012947 1.71359599 1.77706251 1.84052903
 1.90399555 1.96746207 2.03092858 2.0943951  2.15786162 2.22132814
 2.28479466 2.34826118 2.41172769 2.47519421 2.53866073 2.60212725
 2.66559377 2.72906028 2.7925268  2.85599332 2.91945984 2.98292636
 3.04639288 3.10985939 3.17332591 3.23679243 3.30025895 3.36372547
 3.42719199 3.4906585  3.55412502 3.61759154 3.68105806 3.74452458
 3.8079911  3.87145761 3.93492413 3.99839065 4.06185717 4.12532369
 4.1887902  4.25225672 4.31572324 4.37918976 4.44265628 4.5061228
 4.56958931 4.63305583 4.69652235 4.75998887 4.82345539 4.88692191
 4.95038842 5.01385494 5.07732146 5.14078798 5.2042545  5.26772102
 5.33118753 5.39465405 5.45812057 5.52158709 5.58505361 5.64852012
 5.71198664 5.77545316 5.83891968 5.9023862  5.96585272 6.02931923
 6.09278575 6.15625227 6.21971879 6.28318531]


Every 10th element:
[0.57119866 1.20586385 1.84052903 2.47519421 3.10985939 3.74452458
 4.37918976 5.01385494 5.64852012 6.28318531]


Reverse original array:
[6.28318531 6.21971879 6.15625227 6.09278575 6.02931923 5.96585272
 5.9023862  5.83891968 5.77545316 5.71198664 5.64852012 5.58505361
 5.52158709 5.45812057 5.39465405 5.33118753 5.26772102 5.2042545
 5.14078798 5.07732146 5.01385494 4.95038842 4.88692191 4.82345539
 4.75998887 4.69652235 4.63305583 4.56958931 4.5061228  4.44265628
 4.37918976 4.31572324 4.25225672 4.1887902  4.12532369 4.06185717
 3.99839065 3.93492413 3.87145761 3.8079911  3.74452458 3.68105806
 3.61759154 3.55412502 3.4906585  3.42719199 3.36372547 3.30025895
 3.23679243 3.17332591 3.10985939 3.04639288 2.98292636 2.91945984
 2.85599332 2.7925268  2.72906028 2.66559377 2.60212725 2.53866073
 2.47519421 2.41172769 2.34826118 2.28479466 2.22132814 2.15786162
 2.0943951  2.03092858 1.96746207 1.90399555 1.84052903 1.77706251
 1.71359599 1.65012947 1.58666296 1.52319644 1.45972992 1.3962634
 1.33279688 1.26933037 1.20586385 1.14239733 1.07893081 1.01546429
 0.95199777 0.88853126 0.82506474 0.76159822 0.6981317  0.63466518
 0.57119866 0.50773215 0.44426563 0.38079911 0.31733259 0.25386607
 0.19039955 0.12693304 0.06346652 0.        ]



----- Exercise #5 -----
Matrix trace: 385
Anti-diag: [10 18 24 28 30 30 28 24 18 10]
1-offset diag: [ 2  6 12 20 30 42 56 72 90]

----- Exercise #6 -----
[[   0  198  303  736  871 1175 1475 1544 1913 2448]
 [ 198    0  105  538  673  977 1277 1346 1715 2250]
 [ 303  105    0  433  568  872 1172 1241 1610 2145]
 [ 736  538  433    0  135  439  739  808 1177 1712]
 [ 871  673  568  135    0  304  604  673 1042 1577]
 [1175  977  872  439  304    0  300  369  738 1273]
 [1475 1277 1172  739  604  300    0   69  438  973]
 [1544 1346 1241  808  673  369   69    0  369  904]
 [1913 1715 1610 1177 1042  738  438  369    0  535]
 [2448 2250 2145 1712 1577 1273  973  904  535    0]]

----- Exercise #7 -----
[ 0  1  2  3  5  7 11 13 17 19 23 29 31 37 41 43 47 53 59 61 67 71 73 79
 83 89 97]
9.092499385587871e-05
0.0005515610100701451

----- Exercise #8 -----
[[ 1 -1 -1 -1 -1 -1  1 -1 -1 -1 -1 -1  1 -1 -1 -1  1 -1 -1 -1]
 [-1  1 -1  1 -1  1  1  1 -1  1  1  1 -1 -1  1 -1 -1 -1  1 -1]
 [-1  1 -1  1  1  1 -1 -1 -1  1  1 -1 -1  1  1 -1 -1 -1 -1 -1]
 [ 1 -1 -1 -1  1  1 -1  1 -1 -1  1 -1 -1 -1 -1 -1 -1  1 -1 -1]
 [-1  1  1  1  1 -1  1 -1 -1  1 -1  1  1  1  1 -1  1  1 -1  1]
 [ 1 -1  1 -1 -1 -1 -1 -1  1 -1 -1  1 -1  1  1  1 -1 -1 -1 -1]
 [ 1 -1  1 -1  1  1  1 -1  1  1 -1  1  1  1  1 -1 -1 -1  1  1]
 [ 1  1 -1  1  1  1  1  1 -1 -1  1 -1 -1 -1 -1  1 -1 -1 -1 -1]
 [-1  1 -1  1  1  1 -1 -1  1  1  1  1  1 -1 -1  1  1  1  1  1]
 [ 1 -1 -1  1 -1 -1  1  1  1 -1  1 -1 -1  1 -1 -1  1 -1  1  1]]
[ 2  0 -4  2  2  2  2 -2 -2  0  2  0 -2  0  0 -4 -2 -4 -2 -2]
[ 4  0 16  4  4  4  4  4  4  0  4  0  4  0  0 16  4 16  4  4]
4.8
