This is matrix x:
 [0.         0.06346652 0.12693304 0.19039955 0.25386607 0.31733259
 0.38079911 0.44426563 0.50773215 0.57119866 0.63466518 0.6981317
 0.76159822 0.82506474 0.88853126 0.95199777 1.01546429 1.07893081
 1.14239733 1.20586385 1.26933037 1.33279688 1.3962634  1.45972992
 1.52319644 1.58666296 1.65012947 1.71359599 1.77706251 1.84052903
 1.90399555 1.96746207 2.03092858 2.0943951  2.15786162 2.22132814
 2.28479466 2.34826118 2.41172769 2.47519421 2.53866073 2.60212725
 2.66559377 2.72906028 2.7925268  2.85599332 2.91945984 2.98292636
 3.04639288 3.10985939 3.17332591 3.23679243 3.30025895 3.36372547
 3.42719199 3.4906585  3.55412502 3.61759154 3.68105806 3.74452458
 3.8079911  3.87145761 3.93492413 3.99839065 4.06185717 4.12532369
 4.1887902  4.25225672 4.31572324 4.37918976 4.44265628 4.5061228
 4.56958931 4.63305583 4.69652235 4.75998887 4.82345539 4.88692191
 4.95038842 5.01385494 5.07732146 5.14078798 5.2042545  5.26772102
 5.33118753 5.39465405 5.45812057 5.52158709 5.58505361 5.64852012
 5.71198664 5.77545316 5.83891968 5.9023862  5.96585272 6.02931923
 6.09278575 6.15625227 6.21971879 6.28318531]
These are 10th elements:
 [0.57119866 1.20586385 1.84052903 2.47519421 3.10985939 3.74452458
 4.37918976 5.01385494 5.64852012 6.28318531]
This is reversed x:
 [6.28318531 6.21971879 6.15625227 6.09278575 6.02931923 5.96585272
 5.9023862  5.83891968 5.77545316 5.71198664 5.64852012 5.58505361
 5.52158709 5.45812057 5.39465405 5.33118753 5.26772102 5.2042545
 5.14078798 5.07732146 5.01385494 4.95038842 4.88692191 4.82345539
 4.75998887 4.69652235 4.63305583 4.56958931 4.5061228  4.44265628
 4.37918976 4.31572324 4.25225672 4.1887902  4.12532369 4.06185717
 3.99839065 3.93492413 3.87145761 3.8079911  3.74452458 3.68105806
 3.61759154 3.55412502 3.4906585  3.42719199 3.36372547 3.30025895
 3.23679243 3.17332591 3.10985939 3.04639288 2.98292636 2.91945984
 2.85599332 2.7925268  2.72906028 2.66559377 2.60212725 2.53866073
 2.47519421 2.41172769 2.34826118 2.28479466 2.22132814 2.15786162
 2.0943951  2.03092858 1.96746207 1.90399555 1.84052903 1.77706251
 1.71359599 1.65012947 1.58666296 1.52319644 1.45972992 1.3962634
 1.33279688 1.26933037 1.20586385 1.14239733 1.07893081 1.01546429
 0.95199777 0.88853126 0.82506474 0.76159822 0.6981317  0.63466518
 0.57119866 0.50773215 0.44426563 0.38079911 0.31733259 0.25386607
 0.19039955 0.12693304 0.06346652 0.        ]
These are extracted elements:
 [0.76159822 0.82506474 2.34826118 2.41172769 3.87145761 3.93492413
 5.45812057 5.52158709]
