This is the random numbers: [[ 1  1  1 ... -1  1  1]
 [ 1  1  1 ... -1  1  1]
 [-1  1 -1 ... -1 -1 -1]
 ...
 [-1 -1  1 ...  1 -1  1]
 [-1  1 -1 ... -1 -1  1]
 [ 1 -1  1 ... -1  1  1]]

These are the distances:
 [  14   24   24  -18  -54   24  -18   22   68  -30  -16   48   -8  -34
    4  -40  -26    2  -10  -14   20   14   50   -6   12   16  -22  -30
   26   24   -2   -2   36  -42  -22   12  -44   -8  -12   14   -2   14
  -10  -16  -10  -42    0  -32    2  -38   22   52    2  -16  -22    6
  -54   24  -12   14  -28    2   -6   -6   12   28   24   20   82  -52
   10   10  -12   24   40  -14  -20   28  -26   18  -36  -66    8  -16
   66   26   26  -54  -16  -12   94   28  -54   76  -28   38    4  -42
  -66  -48  -12   18  -28   60  -34   66   50  -28  -26   18    4  -40
  -16   46  -62  -72    8    8   -8  -42   -4  -66  -42  -14  -14  -30
  -24    4    8    8  -16   -8    6   46    4   48   14   40   18   -2
  -20  -34   14  -22  -22   36   34   22   12   30   24   -2   18 -100
  -14  -22  -14  -64   -8    4  -14   -8   54   30  -86  -16    2    0
    4  -28  -16    2   64   -2  -44  -14   10  -42   12   54   12   -4
    6  -26   46   16  -12   20   -8    4  -40  -22   -4   -6   30    4
    8  -46   32  -42]

This is the mean:
 1035.04
