
----- Exercise #1 -----
data_int.txt has been created

----- Exercise #2 -----
Loaded json data
./data/american_express.csv has been created

----- Exercise #3 -----
      class  cap-shape  cap-surface  ...  spore-print-color  population  habitat
0         1          5            2  ...                  2           3        5
1         0          5            2  ...                  3           2        1
2         0          0            2  ...                  3           2        3
3         1          5            3  ...                  2           3        5
4         0          5            2  ...                  3           0        1
...     ...        ...          ...  ...                ...         ...      ...
8119      0          3            2  ...                  0           1        2
8120      0          5            2  ...                  0           4        2
8121      0          2            2  ...                  0           1        2
8122      1          3            3  ...                  7           4        2
8123      0          5            2  ...                  4           1        2

[8124 rows x 23 columns]
       cap-shape  cap-surface  ...  population   habitat
class                          ...                      
0       3.266160     1.615970  ...    3.283270  1.148289
1       3.436159     2.055158  ...    4.031665  1.895812

[2 rows x 22 columns]
./data/mushrooms_feature_avg.json has been created

----- Exercise #4 -----
7648 5673 3775 2271
3257 8247 3354 2266
2722 0001 4011 6652
0661 3063 3742 3150
0432 1608 1462 4742
5827 2027 8785 7303
5774 8528 2087 1117
8140 1210 6352 2845
5764 1133 7301 7100
6456 1737 4126 6726
1228 8631 7382 0000
7051 0160 5374 3166
0618 3587 1630 6376
1545 5454 7444 5636
6735 3116 3202 6834
7287 5011 1547 8413
7033 2607 3328 4200
2568 5244 1874 5024
1684 2253 7570 7118
0672 2576 0575 6631
6332 8353 8787 1340
1813 3361 1175 4211
2477 6450 8840 2368
5512 3505 2563 1326
3083 7882 0621 0025
4521 5148 8045 0334
7563 3654 8713 5787
8324 2664 0476 5561
0565 2504 7168 3510
5107 5507 1767 0738
2462 1821 2448 1443
2788 0638 6861 6554
5851 5873 5474 0547
0670 1004 4013 2655
5874 5506 3048 0806
2805 5401 8462 1260
5083 8406 6310 1862
1076 1445 3013 2266
8440 4804 4844 5277
4758 6141 0686 1387
7586 0675 0315 2568
2544 1258 7432 5165
3474 5023 4434 5626
1410 0270 0434 5086
7315 4446 1104 4215
0224 7742 8300 0266
0170 2700 3145 0640
2006 2437 8054 1600
8142 4055 1776 0026
3026 7380 1241 1084


----- Exercise #5 -----
Skipping, ./data/data_000637.dat exists
